set title "1D Density   /home/mendez/github_repositories/my_repositories/quantum_optics/result_lambda_configurations"
set style data lines
set nologscale
set yrange [ 0.0000E+00:*]
#  
#  
set xlabel "x"
set xlabel "Time[fs]"
set nolabel
set label "el          " at graph 0.02,0.95
plot "den1d_f2" using 1:2 , \
"den1d_f2" using 1:3 , \
"den1d_f2" using 1:4 ; pause -1
     0.00000     0.000000000     1.000000000     0.000000000
     0.02419     0.008580848     0.951140225     0.040278897
     0.04838     0.031893570     0.819868386     0.148238018
     0.07257     0.063336752     0.643650949     0.293012321
     0.09676     0.094006687     0.462738603     0.443254709
     0.12094     0.115218639     0.303312629     0.581468761
     0.14513     0.120966054     0.173917323     0.705116630
     0.16932     0.109621450     0.075341351     0.815037191
     0.19351     0.084397256     0.013825237     0.901777506
     0.21770     0.052436162     0.005421621     0.942142189
     0.24189     0.022788519     0.066990152     0.910221338
     0.26608     0.003849594     0.200584084     0.795566320
     0.29027     0.000982282     0.383988440     0.615029275
     0.31445     0.014998516     0.576112211     0.408889264
     0.33864     0.041929346     0.734870791     0.223199889
     0.36283     0.074148826     0.835653961     0.090197220
     0.38702     0.102533422     0.877877533     0.019589055
     0.41121     0.119045541     0.875984788     0.004969645
     0.43540     0.119009465     0.842831016     0.038159501
     0.45959     0.102435410     0.778765857     0.118798740
     0.48378     0.074016631     0.674828887     0.251154512
     0.50797     0.041800402     0.527110279     0.431089312
     0.53215     0.014909337     0.350313604     0.634777069
     0.55634     0.000958119     0.178868562     0.820173323
     0.58053     0.003897289     0.053349059     0.942753673
     0.60472     0.022894567     0.001190662     0.975914776
     0.62891     0.052570533     0.025112748     0.922316730
     0.65310     0.084521905     0.106853016     0.808625102
     0.67729     0.109701075     0.222331226     0.667967677
     0.70148     0.120978102     0.356063932     0.522957921
     0.72567     0.115159705     0.503927946     0.380912334
     0.74985     0.093893468     0.663141131     0.242965385
     0.77404     0.063201293     0.818910241     0.117888458
     0.79823     0.031774238     0.940262496     0.027963275
     0.82242     0.008511428     0.990642905     0.000845670
     0.84661     0.000000152     0.947219491     0.052780375
     0.87080     0.008650528     0.815505505     0.175843999
     0.89499     0.032013047     0.628636122     0.339350849
     0.91918     0.063472196     0.431460261     0.505067527
     0.94336     0.094119743     0.260337591     0.645542681
     0.96755     0.115277290     0.132052004     0.752670705
     0.99174     0.120953694     0.047765795     0.831280529
     1.01593     0.109541580     0.006321830     0.884136617
     1.04012     0.084272496     0.014438002     0.901289523
     1.06431     0.052301832     0.084572613     0.863125563
     1.08850     0.022682661     0.221808776     0.755508542
     1.11269     0.003802183     0.410640985     0.585556865
     1.13688     0.001006744     0.613486230     0.385507047
     1.16106     0.015087923     0.784220755     0.200691313
     1.18525     0.042058382     0.888588130     0.069353476
     1.20944     0.074280947     0.917806804     0.007912251
     1.23363     0.102631226     0.886470854     0.010897915
     1.25782     0.119081318     0.817313552     0.063605145
     1.28201     0.118973091     0.724838018     0.156188920
     1.30620     0.102337189     0.610028565     0.287634224
     1.33039     0.073884368     0.469255447     0.456860185
     1.35458     0.041671555     0.309157521     0.649170935
     1.37876     0.014820387     0.154500484     0.830679119
     1.40295     0.000934255     0.041436471     0.957629263
     1.42714     0.003945268     0.000006883     0.996047854
     1.45133     0.023000803     0.038266629     0.938732564
     1.47552     0.052704945     0.139447361     0.807847679
     1.49971     0.084646426     0.273859173     0.641494393
     1.52390     0.109780453     0.416273564     0.473945975
     1.54809     0.120989859     0.555798948     0.323211193
     1.57227     0.115100510     0.691603661     0.193295807
     1.59646     0.093780078     0.819281876     0.086938061
     1.62065     0.063065827     0.920256257     0.016677894
     1.64484     0.031655047     0.964398801     0.003946163
     1.66903     0.008442269     0.925667226     0.065890536
     1.69322     0.000000607     0.800021052     0.199978337
     1.71741     0.008720469     0.612376332     0.378903180
     1.74160     0.032132670     0.406928003     0.560939312
     1.76579     0.063607626     0.227099746     0.709292650
     1.78997     0.094232634     0.098611109     0.807156265
     1.81416     0.115335673     0.026244586     0.858419716
     1.83835     0.120941035     0.004211065     0.874847889
     1.86254     0.109461471     0.029853245     0.860685289
     1.88673     0.084147610     0.108603507     0.807248890
     1.91092     0.052167546     0.245904803     0.701927662
     1.93511     0.022576993     0.432994694     0.544428289
     1.95930     0.003755057     0.639182329     0.357062608
     1.98349     0.001031504     0.818907619     0.180060878
     2.00767     0.015177559     0.930706382     0.054116052
     2.03186     0.042187512     0.955827892     0.001984578
     2.05605     0.074413009     0.903968990     0.021618014
     2.08024     0.102728814     0.802745938     0.094525263
     2.10443     0.119116813     0.679192305     0.201690912
     2.12862     0.118936434     0.546881199     0.334182352
     2.15281     0.102238767     0.407249302     0.490511924
     2.17700     0.073752046     0.262310326     0.663937628
     2.20118     0.041542802     0.127026975     0.831430197
     2.22537     0.014731665     0.030026875     0.955241442
     2.24956     0.000910688     0.000713377     0.998375952
     2.27375     0.003993530     0.051804170     0.944202304
     2.29794     0.023107227     0.170358658     0.806534111
     2.32213     0.052839395     0.324259460     0.622901142
     2.34632     0.084770836     0.479584634     0.435644507
     2.37051     0.109859578     0.616256773     0.273883641
     2.39470     0.121001311     0.731008589     0.147990122
     2.41888     0.115041032     0.826767683     0.058191285
     2.44307     0.093666524     0.898222446     0.008111055
     2.46726     0.062930346     0.926293314     0.010776347
     2.49145     0.031536002     0.887170315     0.081293702
     2.51564     0.008373370     0.769923449     0.221703157
     2.53983     0.000001365     0.589481652     0.410516977
     2.56402     0.008790669     0.384634018     0.606575310
     2.58821     0.032252435     0.201527506     0.766220033
     2.61240     0.063743040     0.073664911     0.862592041
     2.63658     0.094345346     0.011642233     0.894012392
     2.66077     0.115393773     0.008183019     0.876423180
     2.68496     0.120928071     0.052440599     0.826631308
     2.70915     0.109381109     0.141000450     0.749618471
     2.73334     0.084022611     0.276496500     0.639480889
     2.75753     0.052033298     0.455407679     0.492559016
     2.78172     0.022471515     0.655989349     0.321539134
     2.80591     0.003708215     0.837963939     0.158327833
     2.83009     0.001056562     0.956883609     0.042059820
     2.85428     0.015267421     0.984651625     0.000080977
     2.87847     0.042316731     0.922412574     0.035270676
     2.90266     0.074544996     0.797075450     0.128379554
     2.92685     0.102826200     0.644370317     0.252803475
     2.95104     0.119152009     0.490746021     0.390101969
     2.97523     0.118899480     0.346482545     0.534617960
     2.99942     0.102140129     0.213200808     0.684659064
     3.02361     0.073619649     0.097673245     0.828707099
     3.04779     0.041414145     0.019185191     0.939400673
     3.07198     0.014643174     0.003193549     0.982163250
     3.09617     0.000887421     0.065304063     0.933808506
     3.12036     0.004042076     0.197790861     0.798167050
     3.14455     0.023213839     0.369555324     0.607230842
     3.16874     0.052973885     0.540520608     0.406505495
     3.19293     0.084895119     0.680614650     0.234490231
     3.21712     0.109938465     0.780104041     0.109957509
     3.24130     0.121012457     0.844751298     0.034236275
     3.26549     0.114981294     0.880915046     0.004103640
     3.28968     0.093552798     0.883300543     0.023146639
     3.31387     0.062794849     0.835731864     0.101473272
     3.33806     0.031417102     0.724865854     0.243717074
     3.36225     0.008304733     0.556287169     0.435408115
     3.38644     0.000002427     0.360050827     0.639946759
     3.41063     0.008861129     0.180349156     0.810789704
     3.43482     0.032372341     0.055764481     0.911863208
     3.45900     0.063878439     0.003494434     0.932627141
     3.48319     0.094457902     0.017738964     0.887803137
     3.50738     0.115451604     0.081655979     0.802892387
     3.53157     0.120914809     0.182289898     0.696795285
     3.55576     0.109300509     0.316349268     0.574350238
     3.57995     0.083897494     0.482730865     0.433371633
     3.60414     0.051899094     0.668893874     0.279207021
     3.62833     0.022366228     0.843731284     0.133902475
     3.65252     0.003661657     0.965020001     0.031318355
     3.67670     0.001081918     0.998286128     0.000631932
     3.70089     0.015357511     0.934677660     0.049964808
     3.72508     0.042446043     0.795408189     0.162145779
     3.74927     0.074676916     0.619689107     0.305633992
     3.77346     0.102923363     0.444748819     0.452327818
     3.79765     0.119186915     0.291707456     0.589105666
     3.82184     0.118862242     0.165899560     0.715238214
     3.84603     0.102041282     0.068825066     0.829133630
     3.87021     0.073487192     0.010110463     0.916402340
     3.89440     0.041285582     0.008429216     0.950285196
     3.91859     0.014554912     0.079692684     0.905752420
     3.94278     0.000864453     0.221579164     0.777556360
     3.96697     0.004090905     0.407134056     0.588775039
     3.99116     0.023320640     0.593788624     0.382890761
     4.01535     0.053108413     0.742578804     0.204312786
     4.03954     0.085019276     0.834537983     0.080442756
     4.06373     0.110017106     0.873266459     0.016716411
     4.08791     0.121023305     0.873046279     0.005930441
     4.11210     0.114921272     0.842621028     0.042457681
     4.13629     0.093438916     0.777649581     0.128911510
     4.16048     0.062659346     0.667667270     0.269673407
     4.18467     0.031298347     0.511737168     0.456964523
     4.20886     0.008236358     0.329860777     0.661902845
     4.23305     0.000003792     0.160166442     0.839829743
     4.25724     0.008931847     0.042633701     0.948434472
     4.28143     0.032492388     0.000371941     0.967135668
     4.30561     0.064013816     0.031351268     0.904634893
     4.32980     0.094570279     0.115577690     0.789852023
     4.35399     0.115509167     0.231152222     0.653338611
     4.37818     0.120901249     0.366384983     0.512713790
     4.40237     0.109219663     0.518940687     0.371839643
     4.42656     0.083772264     0.683820665     0.232407093
     4.45075     0.051764935     0.841321945     0.106913142
     4.47494     0.022261133     0.956590652     0.021148238
     4.49912     0.003615385     0.993523777     0.002860834
     4.52331     0.001107573     0.934376776     0.064515658
     4.54750     0.015447827     0.791342795     0.193209380
     4.57169     0.042575449     0.601626992     0.355797559
     4.59588     0.074808761     0.409235120     0.515956104
     4.62007     0.103020325     0.245975435     0.651004255
     4.64426     0.119221523     0.124038808     0.756739676
     4.66845     0.118824705     0.043215767     0.837959528
     4.69264     0.101942226     0.004597239     0.893460512
     4.71682     0.073354669     0.018136203     0.908509135
     4.74101     0.041157115     0.097070314     0.861772597
     4.76520     0.014466881     0.243402362     0.742130756
     4.78939     0.000841783     0.436551660     0.562606573
     4.81358     0.004140016     0.635628998     0.360231012
     4.83777     0.023427624     0.795715809     0.180856541
     4.86196     0.053242978     0.887792587     0.058964409
     4.88615     0.085143320     0.908891499     0.005965163
     4.91034     0.110095493     0.876106560     0.013797928
     4.93452     0.121033847     0.809929132     0.069036998
     4.95871     0.114860982     0.719952762     0.165186271
     4.98290     0.093324862     0.603542984     0.303132147
     5.00709     0.062523827     0.457556158     0.479920000
     5.03128     0.031179741     0.292773277     0.676046968
     5.05547     0.008168245     0.138453454     0.853378296
     5.07966     0.000005460     0.032028269     0.967966259
     5.10385     0.009002825     0.000541066     0.990456104
     5.12803     0.032612573     0.047003601     0.920383811
     5.15222     0.064149186     0.151313782     0.784537017
     5.17641     0.094682492     0.284487873     0.620829642
     5.20060     0.115566447     0.425133944     0.459299624
     5.22479     0.120887384     0.565913439     0.313199192
     5.24898     0.109138571     0.706062496     0.184798926
     5.27317     0.083646916     0.837351918     0.079001144
     5.29736     0.051630821     0.936302125     0.012067027
     5.32155     0.022156229     0.970736682     0.007107066
     5.34573     0.003569398     0.917453110     0.078977518
     5.36992     0.001133524     0.778650463     0.220216021
     5.39411     0.015538369     0.584909320     0.399552315
     5.41830     0.042704940     0.381964386     0.575330675
     5.44249     0.074940540     0.210102156     0.714957297
     5.46668     0.103117071     0.089954875     0.806928039
     5.49087     0.119255841     0.023084566     0.857659578
     5.51506     0.118786879     0.004309899     0.876903236
     5.53925     0.101842970     0.034095090     0.864061952
     5.56343     0.073222086     0.120100886     0.806677043
     5.58762     0.041028749     0.266440272     0.692530990
     5.61181     0.014379080     0.459786117     0.525834799
     5.63600     0.000819413     0.664840400     0.334340185
     5.66019     0.004189410     0.835032225     0.160778373
     5.68438     0.023534797     0.932712853     0.043752328
     5.70857     0.053377580     0.945526958     0.001095451
     5.73276     0.085267231     0.888004184     0.026728559
     5.75694     0.110173635     0.788035512     0.101790868
     5.78113     0.121044084     0.668708980     0.210246921
     5.80532     0.114800423     0.538771212     0.346428365
     5.82951     0.093210652     0.397701472     0.509087861
     5.85370     0.062388305     0.249739543     0.687872171
     5.87789     0.031061281     0.114206590     0.854732156
     5.90208     0.008100394     0.022487650     0.969411969
     5.92627     0.000007432     0.002688691     0.997303903
     5.95046     0.009074060     0.062935233     0.927990675
     5.97464     0.032732900     0.185779497     0.781487584
     5.99883     0.064284526     0.338031530     0.597683907
     6.02302     0.094794534     0.488816619     0.416388839
     6.04721     0.115623452     0.622688651     0.261687875
     6.07140     0.120873213     0.738807321     0.140319467
     6.09559     0.109057240     0.838256121     0.052686643
     6.11978     0.083521448     0.910931826     0.005546730
     6.14397     0.051496752     0.933779478     0.014723742
     6.16816     0.022051517     0.883172452     0.094776012
     6.19234     0.003523697     0.752863526     0.243612796
     6.21653     0.001159774     0.563985407     0.434854835
     6.24072     0.015629137     0.358952373     0.625418484
     6.26491     0.042834524     0.182765216     0.774400234
     6.28910     0.075072244     0.064276949     0.860650778
     6.31329     0.103213601     0.009566347     0.887220025
     6.33748     0.119289868     0.010120051     0.870590091
     6.36167     0.118748762     0.057398010     0.823853254
     6.38585     0.101743497     0.151130810     0.747125685
     6.41004     0.073089436     0.294532835     0.632377744
     6.43423     0.040900480     0.480825841     0.478273690
     6.45842     0.014291512     0.683180869     0.302527636
     6.48261     0.000797342     0.858250737     0.140951931
     6.50680     0.004239087     0.963246524     0.032514375
     6.53099     0.023642154     0.975869179     0.000488685
     6.55518     0.053512216     0.903613091     0.042874709
     6.57937     0.085391030     0.776296973     0.138311997
     6.60355     0.110251531     0.627633452     0.262115031
     6.62774     0.121054024     0.479161620     0.399784356
     6.65193     0.114739589     0.337280691     0.547979712
     6.67612     0.093096279     0.203550607     0.703353107
     6.70031     0.062252771     0.088087998     0.849659204
     6.72450     0.030942969     0.013753672     0.955303371
     6.74869     0.008032807     0.006463988     0.985503197
     6.77288     0.000009707     0.078341335     0.921648979
     6.79706     0.009145554     0.216622606     0.774231851
     6.82125     0.032853369     0.387376666     0.579769969
     6.84544     0.064419858     0.552079320     0.383500814
     6.86963     0.094906405     0.685451806     0.219641820
     6.89382     0.115680188     0.782156885     0.102162935
     6.91801     0.120858744     0.848613024     0.030528214
     6.94220     0.108975671     0.887638986     0.003385355
     6.96639     0.083395869     0.889025450     0.027578667
     6.99058     0.051362727     0.834271193     0.114366077
     7.01476     0.021946998     0.712371826     0.265681177
     7.03895     0.003478281     0.534500778     0.462020934
     7.06314     0.001186321     0.335700929     0.663112760
     7.08733     0.015720129     0.161159799     0.823120058
     7.11152     0.042964198     0.046043057     0.910992742
     7.13571     0.075203873     0.002488581     0.922307551
     7.15990     0.103309922     0.021732563     0.874957502
     7.18409     0.119323596     0.087867171     0.792809248
     7.20828     0.118710354     0.191299230     0.689990401
     7.23246     0.101643831     0.331051171     0.567304969
     7.25665     0.072956726     0.504662693     0.422380567
