set title "1D Density   /home/mendez/github_repositories/my_repositories/quantum_optics/result_lambda_configurations"
set style data lines
set nologscale
set yrange [ 0.0000E+00:*]
#  
#  
set xlabel "x"
set xlabel "Time[fs]"
set nolabel
set label "X1          " at graph 0.02,0.95
plot "den1d_f1" using 1:2 , \
"den1d_f1" using 1:3 , \
"den1d_f1" using 1:4 , \
"den1d_f1" using 1:5 , \
"den1d_f1" using 1:6 , \
"den1d_f1" using 1:7 , \
"den1d_f1" using 1:8 , \
"den1d_f1" using 1:9 , \
"den1d_f1" using 1:10 , \
"den1d_f1" using 1:11 , \
"den1d_f1" using 1:12 ; pause -1
     0.00000     0.000000000     0.000000000     0.000000000     0.000000000     0.000000000     0.200000000     0.000000000     0.000000000     0.000000000     0.000000000     0.000000000
     0.10000     0.000000503     0.000002912     0.000013009     0.000000000     0.001335919     0.198345673     0.001333102     0.000079565     0.000013119     0.000002901     0.000000501
     0.20000     0.000002096     0.000012208     0.000053376     0.000000000     0.005286719     0.191251791     0.005242038     0.000344188     0.000055232     0.000012041     0.000002067
     0.30000     0.000005022     0.000029480     0.000124600     0.000000000     0.011644670     0.179146349     0.011422487     0.000866053     0.000134671     0.000028705     0.000004878
     0.40000     0.000009690     0.000057306     0.000231747     0.000000000     0.020048815     0.162770593     0.019365501     0.001752319     0.000266384     0.000055189     0.000009247
     0.50000     0.000016695     0.000099198     0.000380732     0.000000000     0.030009833     0.143123996     0.028401867     0.003128306     0.000473522     0.000095123     0.000015661
     0.60000     0.000026848     0.000159515     0.000577393     0.000000000     0.040944213     0.121392679     0.037761423     0.005116152     0.000788953     0.000153947     0.000024841
     0.70000     0.000041206     0.000243315     0.000826442     0.000000000     0.052214575     0.098862004     0.046641457     0.007811505     0.001256169     0.000239547     0.000037836
     0.80000     0.000061107     0.000356157     0.001130414     0.000000000     0.063173854     0.076825023     0.054278630     0.011261246     0.001929005     0.000363034     0.000056152
     0.90000     0.000088208     0.000503828     0.001488723     0.000000000     0.073208958     0.056490165     0.060016972     0.015445061     0.002869712     0.000539630     0.000081934
     1.00000     0.000124518     0.000692017     0.001896937     0.000000000     0.081781530     0.038898408     0.063366520     0.020263557     0.004145083     0.000789566     0.000118205
     1.10000     0.000172423     0.000925923     0.002346355     0.000000000     0.088461769     0.024854542     0.064046335     0.025534663     0.005820578     0.001138880     0.000169180
     1.20000     0.000234702     0.001209828     0.002823973     0.000000000     0.092954385     0.014879116     0.062009293     0.030999768     0.007952750     0.001619962     0.000240644
     1.30000     0.000314521     0.001546647     0.003312840     0.000000000     0.095113063     0.009183158     0.057444870     0.036339128     0.010580474     0.002271645     0.000340410
     1.40000     0.000415403     0.001937502     0.003792824     0.000000000     0.094944251     0.007668083     0.050761122     0.041196012     0.013715866     0.003138697     0.000478826
     1.50000     0.000541173     0.002381325     0.004241719     0.000000000     0.092599040     0.009949651     0.042546549     0.045207077     0.017335862     0.004270514     0.000669332
     1.60000     0.000695868     0.002874571     0.004636646     0.000000000     0.088355321     0.015403493     0.033516440     0.048036662     0.021375692     0.005718971     0.000929004
     1.70000     0.000883614     0.003411022     0.004955606     0.000000000     0.082590789     0.023227631     0.024447910     0.049411061     0.025725171     0.007535337     0.001279058
     1.80000     0.001108482     0.003981784     0.005179102     0.000000000     0.075750417     0.032516447     0.016110428     0.049149808     0.030228972     0.009766427     0.001745259
     1.90000     0.001374312     0.004575429     0.005291659     0.000000000     0.068310159     0.042339411     0.009197717     0.047190040     0.034691259     0.012450118     0.002358162
     2.00000     0.001684539     0.005178350     0.005283146     0.000000000     0.060740668     0.051817989     0.004267756     0.043601444     0.038885117     0.015610620     0.003153150
     2.10000     0.002042004     0.005775274     0.005149723     0.000000000     0.053473145     0.060193920     0.001696159     0.038589355     0.042566109     0.019253807     0.004170197
     2.20000     0.002448821     0.006350005     0.004894451     0.000000000     0.046871331     0.066884392     0.001647353     0.032485998     0.045489961     0.023363402     0.005453410
     2.30000     0.002906284     0.006886267     0.004527366     0.000000000     0.041210091     0.071519071     0.004065897     0.025729144     0.047432292     0.027898309     0.007050341
     2.40000     0.003414857     0.007368655     0.004065086     0.000000000     0.036662933     0.073957151     0.008688728     0.018830520     0.048209146     0.032791758     0.009011188
     2.50000     0.003974340     0.007783718     0.003529993     0.000000000     0.033299249     0.074284774     0.015077060     0.012336767     0.047696924     0.037953180     0.011388225
     2.60000     0.004584170     0.008120932     0.002948964     0.000000000     0.031090143     0.072792608     0.022664736     0.006786278     0.045848504     0.043272492     0.014235628
     2.70000     0.005244056     0.008373761     0.002351884     0.000000000     0.029923180     0.069939452     0.030818731     0.002667102     0.042705357     0.048628214     0.017610607
     2.80000     0.005954916     0.008540509     0.001769972     0.000000000     0.029623297     0.066304421     0.038905722     0.000380397     0.038402584     0.053898352     0.021576367
     2.90000     0.006720304     0.008625048     0.001234197     0.000000000     0.029978481     0.062535715     0.046358633     0.000214823     0.033167166     0.058974612     0.026208332
     3.00000     0.007548171     0.008637044     0.000773970     0.000000000     0.030766189     0.059300673     0.052734810     0.002336278     0.027308497     0.063776636     0.031604019
     3.10000     0.008452033     0.008590718     0.000416481     0.000000000     0.031774122     0.057239723     0.057753116     0.006794842     0.021202646     0.068257123     0.037893203
     3.20000     0.009447492     0.008499347     0.000187140     0.000000000     0.032800025     0.056911552     0.061282802     0.013538431     0.015274923     0.072367352     0.045227918
     3.30000     0.010531343     0.008358561     0.000111307     0.000000000     0.033595875     0.058672172     0.063225710     0.022379379     0.009993597     0.075904250     0.053678310
     3.40000     0.011625597     0.008115932     0.000215015     0.000000000     0.033735716     0.062393957     0.063268989     0.032781121     0.005904288     0.078174663     0.062905020
     3.50000     0.012539250     0.007676671     0.000516762     0.000000000     0.032622367     0.067239779     0.060920984     0.043501750     0.003702477     0.077936566     0.071833789
     3.60000     0.013103527     0.007016734     0.001010372     0.000000000     0.029998291     0.072213441     0.056447023     0.052842534     0.004148866     0.074504465     0.079279637
     3.70000     0.013320801     0.006235957     0.001663643     0.000000000     0.026261964     0.076817131     0.051311928     0.059549445     0.007726111     0.068547755     0.084890270
     3.80000     0.013275722     0.005452629     0.002434041     0.000000000     0.022033808     0.080722767     0.047209993     0.063033152     0.014469826     0.061214000     0.088833576
     3.90000     0.013033965     0.004741611     0.003278003     0.000000000     0.017830935     0.083449870     0.045396724     0.063101178     0.024063803     0.053431571     0.091249800
     4.00000     0.012632820     0.004142710     0.004153111     0.000000000     0.014047742     0.084446257     0.046639672     0.059850633     0.035940710     0.045893380     0.092163676
     4.10000     0.012096079     0.003676331     0.005019493     0.000000000     0.010985100     0.083248734     0.051274204     0.053676492     0.049340856     0.039159191     0.091556615
     4.20000     0.011443701     0.003351274     0.005841697     0.000000000     0.008854342     0.079595059     0.059229308     0.045272827     0.063367027     0.033696195     0.089426416
     4.30000     0.010695651     0.003167997     0.006590490     0.000000000     0.007768294     0.073483312     0.070049775     0.035595313     0.077049798     0.029875720     0.085817832
     4.40000     0.009872839     0.003120305     0.007244176     0.000000000     0.007733809     0.065189278     0.082939762     0.025788504     0.089421469     0.027954999     0.080835009
     4.50000     0.008996892     0.003196722     0.007789255     0.000000000     0.008652446     0.055248851     0.096835291     0.017088084     0.099592245     0.028059134     0.074643397
     4.60000     0.008089505     0.003381842     0.008220425     0.000000000     0.010331220     0.044411030     0.110502827     0.010709299     0.106821799     0.030170211     0.067464960
     4.70000     0.007171717     0.003657717     0.008539995     0.000000000     0.012502901     0.033567753     0.122655892     0.007732857     0.110579669     0.034126568     0.059568334
     4.80000     0.006263267     0.004005196     0.008756828     0.000000000     0.014853886     0.023668177     0.132079065     0.008999374     0.110589135     0.039633375     0.051255214
     4.90000     0.005382100     0.004405113     0.008884948     0.000000000     0.017056830     0.015626051     0.137747622     0.015022443     0.106850266     0.046284190     0.042843997
     5.00000     0.004544089     0.004839239     0.008941977     0.000000000     0.018804762     0.010229332     0.138931286     0.025928760     0.099640149     0.053592050     0.034651917
