#    Start: ------ Host: "mendez-notebook" ----------Fri Aug 26 15:11:07 2022

#    Time[fs]   CPU-time[s]     Delta-CPU    Real time        RealT[s]     [h]
#        0.00           0.1                  Aug 26 15:11:07         0     0.00
         0.10           1.6         1.490    Aug 26 15:11:08         1     0.00
         0.20           3.0         1.430    Aug 26 15:11:10         3     0.00
         0.30           4.4         1.360    Aug 26 15:11:11         4     0.00
         0.40           5.8         1.410    Aug 26 15:11:13         6     0.00
         0.50           7.2         1.420    Aug 26 15:11:14         7     0.00
         0.60           8.6         1.390    Aug 26 15:11:15         8     0.00
         0.70          10.0         1.390    Aug 26 15:11:17        10     0.00
         0.80          11.4         1.380    Aug 26 15:11:18        11     0.00
         0.90          12.8         1.420    Aug 26 15:11:20        13     0.00
         1.00          14.2         1.410    Aug 26 15:11:21        14     0.00
         1.10          15.6         1.400    Aug 26 15:11:22        15     0.00
         1.20          17.0         1.380    Aug 26 15:11:24        17     0.00
         1.30          18.4         1.410    Aug 26 15:11:25        18     0.01
         1.40          19.8         1.340    Aug 26 15:11:27        20     0.01
         1.50          21.1         1.320    Aug 26 15:11:28        21     0.01
         1.60          22.7         1.630    Aug 26 15:11:30        23     0.01
         1.70          24.2         1.480    Aug 26 15:11:31        24     0.01
         1.80          25.5         1.360    Aug 26 15:11:32        25     0.01
         1.90          26.9         1.320    Aug 26 15:11:34        27     0.01
         2.00          28.2         1.310    Aug 26 15:11:35        28     0.01
         2.10          29.5         1.290    Aug 26 15:11:36        29     0.01
         2.20          30.7         1.280    Aug 26 15:11:38        31     0.01
         2.30          32.1         1.360    Aug 26 15:11:39        32     0.01
         2.40          33.4         1.290    Aug 26 15:11:40        33     0.01
         2.50          34.6         1.250    Aug 26 15:11:42        35     0.01
         2.60          35.9         1.240    Aug 26 15:11:43        36     0.01
         2.70          37.1         1.250    Aug 26 15:11:44        37     0.01
         2.80          38.4         1.240    Aug 26 15:11:45        38     0.01
         2.90          39.6         1.240    Aug 26 15:11:47        40     0.01
         3.00          40.8         1.170    Aug 26 15:11:48        41     0.01
         3.10          41.9         1.140    Aug 26 15:11:49        42     0.01
         3.20          43.0         1.120    Aug 26 15:11:50        43     0.01
         3.30          44.1         1.110    Aug 26 15:11:51        44     0.01
         3.40          45.2         1.080    Aug 26 15:11:52        45     0.01
         3.50          46.2         1.020    Aug 26 15:11:53        46     0.01
         3.60          47.3         1.020    Aug 26 15:11:54        47     0.01
         3.70          48.3         1.010    Aug 26 15:11:55        48     0.01
         3.80          49.3         0.980    Aug 26 15:11:56        49     0.01
         3.90          50.2         0.970    Aug 26 15:11:57        50     0.01
         4.00          51.2         0.970    Aug 26 15:11:58        51     0.01
         4.10          52.2         0.970    Aug 26 15:11:59        52     0.01
         4.20          53.2         0.980    Aug 26 15:12:00        53     0.01
         4.30          54.1         0.990    Aug 26 15:12:01        54     0.01
         4.40          55.1         0.970    Aug 26 15:12:02        55     0.02
         4.50          56.1         1.010    Aug 26 15:12:03        56     0.02
         4.60          57.1         0.990    Aug 26 15:12:04        57     0.02
         4.70          58.1         0.990    Aug 26 15:12:05        58     0.02
         4.80          59.1         0.980    Aug 26 15:12:06        59     0.02
         4.90          60.1         0.980    Aug 26 15:12:07        60     0.02
         5.00          61.0         0.980    Aug 26 15:12:08        61     0.02
